000000000000000
001000001111111
001000011111111
001000101111111
001000111111111
001001001111111
001001011111111
001001101111111
001001111111111
001010001111111
001010011111111
001010101111111
001010111111111
001011001111111
001011011111111
001011101111111
001011111111111
001100001111111
001100011111111
001100101111111
001100111111111
001101001111111
001101011111111
001101101111111
001101111111111
001110001111111
001110011111111
001110101111111
001110111111111
001111001111111
001111011111111
001111101111111
001111111111111
010000001111111
010000011111111
010000101111111
010000111111111
010001001111111
010001011111111
010001101111111
010001111111111
010010001111111
010010011111111
010010101111111
010010111111111
010011001111111
010011011111111
010011101111111
010011111111111
010100001111111
010100011111111
010100101111111
010100111111111
010101001111111
010101011111111
010101101111111
010101111111111
010110001111111
010110011111111
010110101111111
010110111111111
010111001111111
010111011111111
010111101111111
010111111111111
011000001111111
011000011111111
011000101111111
011000111111111
011001001111111
011001011111111
011001101111111
011001111111111
011010001111111
011010011111111
011010101111111
011010111111111
011011001111111
011011011111111
011011101111111
011011111111111
011100001111111
011100011111111
011100101111111
011100111111111
011101001111111
011101011111111
011101101111111
011101111111111
011110001111111
011110011111111
011110101111111
011110111111111
011111001111111
011111011111111
011111101111111
011111111111111
100000001111111
100000011111111
100000101111111
100000111111111
100001001111111
100001011111111
100001101111111
100001111111111
100010001111111
100010011111111
100010101111111
100010111111111
100011001111111
100011011111111
100011101111111
100011111111111
100100001111111
100100011111111
100100101111111
100100111111111
100101001111111
100101011111111
100101101111111
100101111111111
100110001111111
100110011111111
100110101111111
100110111111111
100111001111111
100111011111111
100111101111111
100111111111111
101000001111111
101000011111111
101000101111111
101000111111111
101001001111111
101001011111111
101001101111111
101001111111111
101010001111111
101010011111111
101010101111111
101010111111111
101011001111111
101011011111111
101011101111111
101011111111111
101100001111111
101100011111111
101100101111111
101100111111111
101101001111111
101101011111111
101101101111111
101101111111111
101110001111111
101110011111111
101110101111111
101110111111111
101111001111111
101111011111111
101111101111111
101111111111111
110000001111111
110000011111111
110000101111111
110000111111111
110001001111111
110001011111111
110001101111111
110001111111111
110010001111111
110010011111111
110010101111111
110010111111111
110011001111111
110011011111111
110011101111111
110011111111111
110100001111111
110100011111111
110100101111111
110100111111111
110101001111111
110101011111111
110101101111111
110101111111111
110110001111111
110110011111111
110110101111111
110110111111111
110111001111111
110111011111111
110111101111111
110111111111111
111000001111111
111000011111111
111000101111111
111000111111111
111001001111111
111001011111111
111001101111111
111001111111111
111010001111111
111010011111111
111010101111111
111010111111111
111011001111111
111011011111111
111011101111111
111011111111111
111100001111111
111100011111111
111100101111111
111100111111111
111101001111111
111101011111111
111101101111111
111101111111111
111110001111111
111110011111111
111110101111111
111110111111111
111111001111111
111111011111111
111111101111111
111111111111111